$ 1 0.000005 10.20027730826997 50 5 50 5e-11
v 272 224 272 160 0 2 40 2.5 2.5 0 0.5
r 272 160 384 160 0 220
d 384 224 384 160 2 default
w 272 224 384 224 0
407 432 176 544 176 1
w 384 160 432 176 0
w 432 208 384 224 0
R 576 160 576 96 0 0 40 5 0 0 0.5
w 528 176 576 160 0
r 576 160 688 160 0 1000
r 576 224 576 288 0 1000
g 576 288 576 320 0 0
g 688 256 688 304 0 0
w 688 160 800 160 0
t 1488 560 1536 560 0 1 -4.780335197046521 0.21966430515928864 100 default
t 656 240 688 240 0 1 0.6856069551032079 0.7054813834277419 100 default
w 576 224 656 240 0
w 688 224 688 160 0
r 1312 96 1392 96 0 220
d 1392 176 1392 96 2 default
407 1440 112 1552 112 1
w 1312 176 1392 176 0
w 1392 176 1440 144 0
w 1392 96 1424 112 0
w 1424 112 1440 112 0
R 1600 96 1600 48 0 0 40 5 0 0 0.5
w 1536 112 1600 96 0
r 1536 144 1536 256 0 1000
r 1600 96 1696 96 0 1000
t 1648 160 1696 160 0 1 0.6737085630521926 0.6945989916639504 100 default
w 1696 144 1696 96 0
w 1648 160 1536 144 0
g 1536 256 1536 288 0 0
g 1696 176 1696 224 0 0
w 528 208 576 224 0
w 1696 96 1776 96 0
b 1040 -48 1311 373 0
b 304 0 751 370 0
b 1328 -48 1727 373 0
x 1464 7 1552 10 4 24 MIDI\sIN
x 1156 0 1267 3 4 24 MIDI\sOUT
x 490 46 578 49 4 24 MIDI\sIN
x 801 -87 1006 -84 4 24 MCU\sSERIAL\sPORT
w 800 160 800 -64 0
g 960 576 960 688 0 0
t 912 560 960 560 0 1 -2.01068181307e-312 0 100 default
r 800 560 912 560 0 1000
R 960 496 960 448 0 0 40 5 0 0 0.5
b 752 416 1074 766 0
x 818 737 1023 740 4 24 old/bad\sMIDI\sOUT
r 1536 576 1536 640 0 1000
r 960 496 1040 496 0 220
r 960 544 1040 544 0 220
R 1248 96 1248 32 0 0 40 5 0 0 0.5
w 800 160 896 160 0
w 1232 176 1312 176 0
t 1088 192 1136 192 0 -1 0.01987442832453398 -0.6550217994334113 100 default
g 1136 208 1136 256 0 0
r 1136 176 1232 176 0 220
r 1248 96 1312 96 0 220
r 1136 176 1136 112 0 1000
w 1136 112 1248 96 0
w 1040 160 896 160 0
r 1536 576 1616 576 0 220
R 1536 544 1536 496 0 0 40 5 0 0 0.5
r 1536 544 1616 496 0 220
g 1536 640 1536 688 0 0
w 1088 192 1040 160 0
o 35 64 0 4103 5 0.0015625 0 2 35 3
o 43 64 0 4103 5 0.00009765625 0 2 43 3
