$ 1 0.000005 10.20027730826997 50 5 50 5e-11
a 240 192 368 192 9 15 -15 1000000 1.4895850803408213 1.4895999999999998 100000
R 112 208 112 144 0 0 40 12 0 0 0.5
R 112 304 112 368 0 0 40 -12 0 0 0.5
174 112 208 112 304 1 100000 0.5396000000000001 Resistance
r 128 256 240 256 0 1000000
r 240 256 368 256 0 1000
w 240 208 240 256 0
w 368 192 368 256 0
w 368 192 448 192 2
a 448 208 560 208 9 15 -15 1000000 1.4919338191794331 1.491965917837166 100000
R 448 320 448 384 0 0 40 0 0 0 0.5
r 448 320 448 272 0 100000
r 448 272 544 272 0 100000
174 544 272 624 304 1 20000 0.7574000000000001 Resistance
w 448 224 448 272 0
w 560 208 640 208 0
w 640 208 640 272 0
w 640 208 768 208 2
w 592 304 640 304 0
w 640 304 640 272 0
R 240 176 240 96 0 2 40 0.9375 2.4271 0 0.5
p 768 208 768 304 3 0 0 10000000
g 768 304 768 336 0 0
o 20 64 0 4103 5 0.00009765625 0 2 20 3
o 17 64 0 4103 10 0.00009765625 0 2 17 3
